1.0
1.0
2.0
3.0000000000000004
5.000000000000001
8.000000000000002
13.000000000000002
21.000000000000004
34.00000000000001
55.000000000000014
89.00000000000003
144.00000000000006
233.00000000000006
377.00000000000017
610.0000000000003
987.0000000000005
1597.000000000001
2584.000000000002
4181.000000000003
6765.000000000005
10946.000000000007
17711.00000000001
28657.000000000022
46368.00000000004
75025.00000000006
121393.00000000009
196418.00000000017
317811.0000000003
514229.00000000047
832040.0000000008
1346269.0000000012
2178309.0000000023
3524578.0000000037
5702887.0000000065
9227465.000000011
14930352.000000019
24157817.000000026
39088169.000000045
63245986.00000007
102334155.00000013
165580141.00000024
267914296.00000036
433494437.0000006
701408733.0000011
1134903170.0000017
1836311903.0000026
2971215073.000005
4807526976.000008
7778742049.000013
12586269025.00002
20365011074.000034
32951280099.000053
53316291173.00009
86267571272.00015
139583862445.00024
225851433717.00043
365435296162.0007
591286729879.0012
956722026041.0018
1548008755920.003
2504730781961.005
4052739537881.0083
6557470319842.014
10610209857723.021
17167680177565.037
27777890035288.062
44945570212853.09
72723460248141.17
117669030460994.28
190392490709135.44
308061521170129.7
498454011879265.2
806515533049395.0
1304969544928660.0
2111485077978055.2
3416454622906715.5
5527939700884771.0
8944394323791488.0
1.447233402467626e+16
2.3416728348467744e+16
3.788906237314401e+16
6.130579072161175e+16
9.919485309475578e+16
1.6050064381636755e+17
2.5969549691112333e+17
4.201961407274909e+17
6.798916376386143e+17
1.1000877783661051e+18
1.7799794160047194e+18
2.8800671943708247e+18
4.660046610375545e+18
7.540113804746369e+18
1.2200160415121914e+19
1.9740274219868283e+19
3.19404346349902e+19
5.168070885485849e+19
8.362114348984869e+19
1.3530185234470719e+20
2.189229958345559e+20
